6.153846200000000488e-01 3.556479999999999884e-03
2.461538459999999873e+00 1.757511000000000143e-02
3.692307689999999809e+00 3.556480300000000039e-01
5.230769229999999936e+00 3.556480300000000039e-01
6.769230770000000064e+00 3.556480300000000039e-01
8.307692310000000191e+00 3.556480300000000039e-01
9.538461540000000127e+00 3.556480300000000039e-01
1.138461537999999962e+01 3.556480300000000039e-01
1.292307691999999975e+01 6.250551899999999828e-01
1.446153845999999987e+01 1.000000000000000000e+00
1.600000000000000000e+01 1.048113129999999948e+00
1.753846154000000013e+01 1.098541140000000027e+00
1.907692308000000025e+01 9.102981799999999568e-01
2.030769231000000019e+01 1.000000000000000000e+00
2.215384614999999968e+01 1.000000000000000000e+00
2.338461537999999962e+01 1.000000000000000000e+00
2.492307691999999975e+01 1.000000000000000000e+00
2.615384614999999968e+01 1.000000000000000000e+00
2.769230768999999981e+01 1.000000000000000000e+00
2.953846154000000013e+01 1.000000000000000000e+00
